{
  "created_at": "2025-12-20T12:15:41",
  "input_json": "/home/book/pro_book/pro_hand_book_python/xarm7/handeye_pairs/handeye_pairs_20251220_114854_503.json",
  "settings": {
    "method": "TSAI",
    "robot_euler_order": "xyz",
    "robot_angle_unit": "deg",
    "robot_pos_unit_in_input": "mm",
    "target_tvec_unit_in_input": "m"
  },
  "T_cam_tcp": [
    [
      0.2508270493335637,
      0.24995712157897643,
      0.9352043780343261,
      0.22600037924576255
    ],
    [
      0.07163865773966228,
      0.9586462665443963,
      -0.2754364506701137,
      -0.32821690377203494
    ],
    [
      -0.9653774878460123,
      0.13608369855512914,
      0.22254782170958054,
      0.45106410851538975
    ],
    [
      0.0,
      0.0,
      0.0,
      1.0
    ]
  ],
  "T_tcp_cam": [
    [
      0.2508270493335637,
      0.07163865773966228,
      -0.9653774878460123,
      0.4022731460953035
    ],
    [
      0.24995712157897643,
      0.9586462665443963,
      0.13608369855512914,
      0.19677103297354848
    ],
    [
      0.9352043780343261,
      -0.2754364506701137,
      0.22254782170958054,
      -0.40214277793443254
    ],
    [
      0.0,
      0.0,
      0.0,
      1.0
    ]
  ]
}