{
  "created_at": "2025-12-20T18:36:21",
  "input_json": "/home/book/pro_book/pro_hand_book_python/xarm7/handeye_pairs/handeye_pairs_20251220_114854_503.json",
  "settings": {
    "method": "DANIILIDIS",
    "robot_euler_order": "zyx",
    "robot_angle_unit": "deg",
    "robot_pos_unit_in_input": "mm",
    "target_tvec_unit_in_input": "m"
  },
  "T_cam_tcp": [
    [
      -0.0582301111271063,
      -0.037488506342483685,
      -0.9975990507465085,
      0.5194300071301621
    ],
    [
      -0.9979865725061787,
      -0.022979701229441152,
      0.05911627888133225,
      -0.46620951611066835
    ],
    [
      -0.025140709128715744,
      0.9990328048786064,
      -0.03607491539685337,
      0.6953859384440075
    ],
    [
      0.0,
      0.0,
      0.0,
      1.0
    ]
  ],
  "T_tcp_cam": [
    [
      -0.0582301111271063,
      -0.9979865725061787,
      -0.025140709128715744,
      -0.41754187440448726
    ],
    [
      -0.037488506342483685,
      -0.022979701229441152,
      0.9990328048786064,
      -0.6859540648306288
    ],
    [
      -0.9975990507465085,
      0.05911627888133225,
      -0.03607491539685337,
      0.57082944271136
    ],
    [
      0.0,
      0.0,
      0.0,
      1.0
    ]
  ]
}