{
  "created_at": "2025-12-20T17:18:06",
  "input_json": "/home/book/pro_book/pro_hand_book_python/xarm7/handeye_pairs/handeye_pairs_20251220_114816_884.json",
  "settings": {
    "method": "DANIILIDIS",
    "robot_euler_order": "zyx",
    "robot_angle_unit": "deg",
    "robot_pos_unit_in_input": "mm",
    "target_tvec_unit_in_input": "m"
  },
  "T_cam_tcp": [
    [
      -0.872002962481508,
      -0.1469682027045202,
      0.466916674383425,
      0.2282143198735101
    ],
    [
      -0.3843335009030276,
      -0.3851655984892459,
      -0.839008475418481,
      -0.5001979047146224
    ],
    [
      0.30314780801961394,
      -0.9110695962077895,
      0.2793807390617311,
      -0.6963787481974681
    ],
    [
      0.0,
      0.0,
      0.0,
      1.0
    ]
  ],
  "T_tcp_cam": [
    [
      -0.872002962481508,
      -0.3843335009030276,
      0.30314780801961394,
      0.21786644221457857
    ],
    [
      -0.1469682027045202,
      -0.3851655984892459,
      -0.9110695962077895,
      -0.7935682818371834
    ],
    [
      0.466916674383425,
      -0.839008475418481,
      0.2793807390617311,
      -0.3316725433858567
    ],
    [
      0.0,
      0.0,
      0.0,
      1.0
    ]
  ]
}