{
  "created_at": "2026-01-08T15:44:37",
  "input_json": "/home/book/pro_book/pro_hand_book_python/xarm7/handeye_pairs/handeye_pairs_20260108_153314_016.json",
  "settings": {
    "method": "DANIILIDIS",
    "robot_euler_order": "zyx",
    "robot_angle_unit": "deg",
    "robot_pos_unit_in_input": "mm",
    "target_tvec_unit_in_input": "m"
  },
  "T_cam_tcp": [
    [
      -0.002793570079549612,
      0.0029565780915362105,
      -0.9999917272718806,
      0.18804728898788692
    ],
    [
      0.9997767420450014,
      -0.020935992677753035,
      -0.0028548689076363654,
      0.0038696017267761396
    ],
    [
      -0.02094426012284417,
      -0.9997764464401957,
      -0.0028974318492274165,
      -0.10000268246330783
    ],
    [
      0.0,
      0.0,
      0.0,
      1.0
    ]
  ],
  "T_tcp_cam": [
    [
      -0.002793570079549612,
      0.9997767420450014,
      -0.02094426012284417,
      -0.005437896721844687
    ],
    [
      0.0029565780915362105,
      -0.020935992677753035,
      -0.9997764464401957,
      -0.10045528904902994
    ],
    [
      -0.9999917272718806,
      -0.0028548689076363654,
      -0.0028974318492274165,
      0.18776702957226885
    ],
    [
      0.0,
      0.0,
      0.0,
      1.0
    ]
  ]
}