{
  "created_at": "2026-06-01T16:50:59",
  "input_json": "/home/book/pro_book/pro_hand_book_python/xarm7/handeye_pairs/handeye_pairs_20260601_162847_915.json",
  "settings": {
    "method": "DANIILIDIS",
    "robot_euler_order": "zyx",
    "robot_angle_unit": "deg",
    "robot_pos_unit_in_input": "mm",
    "target_tvec_unit_in_input": "m"
  },
  "T_cam_tcp": [
    [
      -0.04316676982650447,
      0.026984023013885083,
      -0.9987034056639297,
      0.18339249172877833
    ],
    [
      0.9911525655049196,
      -0.12442644665099623,
      -0.046202286380901514,
      0.02538148106555535
    ],
    [
      -0.12551183958400736,
      -0.991861846163967,
      -0.021374195854942657,
      -0.1018503555294612
    ],
    [
      0.0,
      0.0,
      0.0,
      1.0
    ]
  ],
  "T_tcp_cam": [
    [
      -0.04316676982650447,
      0.9911525655049196,
      -0.12551183958400736,
      -0.030023884080862276
    ],
    [
      0.026984023013885083,
      -0.12442644665099623,
      -0.991861846163967,
      -0.10281202138556428
    ],
    [
      -0.9987034056639297,
      -0.046202286380901514,
      -0.021374195854942657,
      0.18215041907270493
    ],
    [
      0.0,
      0.0,
      0.0,
      1.0
    ]
  ]
}