{
  "created_at": "2026-06-01T18:58:58",
  "input_json": "/home/book/pro_book/pro_hand_book_python/xarm7/handeye_pairs/handeye_pairs_20260601_184514_154.json",
  "settings": {
    "method": "DANIILIDIS",
    "robot_euler_order": "zyx",
    "robot_angle_unit": "deg",
    "robot_pos_unit_in_input": "mm",
    "target_tvec_unit_in_input": "m"
  },
  "T_cam_tcp": [
    [
      0.021045673739186144,
      0.0003290526590369325,
      -0.9997784611308707,
      0.18916523552629322
    ],
    [
      0.9997703053659468,
      0.004045652544981071,
      0.02104683358529713,
      -0.00899858764747788
    ],
    [
      0.004051681792247186,
      -0.9999917621759857,
      -0.000243833593883358,
      -0.1017106791993683
    ],
    [
      0.0,
      0.0,
      0.0,
      1.0
    ]
  ],
  "T_tcp_cam": [
    [
      0.021045673739186144,
      0.9997703053659468,
      0.004051681792247186,
      0.0054275101974877015
    ],
    [
      0.0003290526590369325,
      0.004045652544981071,
      -0.9999917621759857,
      -0.1017356814894227
    ],
    [
      -0.9997784611308707,
      0.02104683358529713,
      -0.000243833593883358,
      0.1892879193702098
    ],
    [
      0.0,
      0.0,
      0.0,
      1.0
    ]
  ]
}