{
  "created_at": "2026-02-05T21:54:26",
  "input_json": "/home/book/pro_book/pro_hand_book_python/xarm7/handeye_pairs/handeye_pairs_20260205_213442_801.json",
  "settings": {
    "method": "DANIILIDIS",
    "robot_euler_order": "zyx",
    "robot_angle_unit": "deg",
    "robot_pos_unit_in_input": "mm",
    "target_tvec_unit_in_input": "m"
  },
  "T_cam_tcp": [
    [
      0.0014116262279355585,
      -0.030003023988728394,
      -0.9995488111457711,
      0.18298592131219935
    ],
    [
      0.9999986203433506,
      0.0009175297570878094,
      0.0013847203834670418,
      -0.004333752936788393
    ],
    [
      0.0008755699790052307,
      -0.999549386819219,
      0.03000427780392667,
      -0.09841250585614557
    ],
    [
      0.0,
      0.0,
      0.0,
      1.0
    ]
  ],
  "T_tcp_cam": [
    [
      0.0014116262279355585,
      0.9999986203433506,
      0.0008755699790052307,
      0.004161606267516402
    ],
    [
      -0.030003023988728394,
      0.0009175297570878094,
      -0.999549386819219,
      -0.09287405254984424
    ],
    [
      -0.9995488111457711,
      0.0013847203834670418,
      0.03000427780392667,
      0.1858621573051393
    ],
    [
      0.0,
      0.0,
      0.0,
      1.0
    ]
  ]
}