{
  "created_at": "2025-12-20T17:13:22",
  "input_json": "/home/book/pro_book/pro_hand_book_python/xarm7/handeye_pairs/handeye_pairs_20251220_114854_503.json",
  "settings": {
    "method": "DANIILIDIS",
    "robot_euler_order": "zyx",
    "robot_angle_unit": "deg",
    "robot_pos_unit_in_input": "mm",
    "target_tvec_unit_in_input": "m"
  },
  "T_cam_tcp": [
    [
      0.04676827658060545,
      0.9912001656403555,
      -0.12383440531698699,
      1.1864770422975284
    ],
    [
      -0.9641619010546281,
      0.07720485059670545,
      0.2538330939792246,
      -0.5601151806002685
    ],
    [
      0.2611600215584412,
      0.10752507930186433,
      0.9592881738355384,
      -0.05815140396672215
    ],
    [
      0.0,
      0.0,
      0.0,
      1.0
    ]
  ],
  "T_tcp_cam": [
    [
      0.04676827658060545,
      -0.9641619010546281,
      0.2611600215584412,
      -0.580344381894218
    ],
    [
      0.9912001656403555,
      0.07720485059670545,
      0.10752507930186433,
      -1.1265398976955623
    ],
    [
      -0.12383440531698699,
      0.2538330939792246,
      0.9592881738355384,
      0.34488640234887996
    ],
    [
      0.0,
      0.0,
      0.0,
      1.0
    ]
  ]
}