{
  "created_at": "2026-02-05T23:13:55",
  "input_json": "/home/book/pro_book/pro_hand_book_python/xarm7/handeye_pairs/handeye_pairs_20260205_230242_522.json",
  "settings": {
    "method": "DANIILIDIS",
    "robot_euler_order": "zyx",
    "robot_angle_unit": "deg",
    "robot_pos_unit_in_input": "mm",
    "target_tvec_unit_in_input": "m"
  },
  "T_cam_tcp": [
    [
      0.016255525678512628,
      -0.018938090394867213,
      -0.9996885047939237,
      0.1816773906127668
    ],
    [
      0.9995463138647969,
      0.025662544256838782,
      0.01576706255339272,
      -0.004981952000779652
    ],
    [
      0.02535595244142924,
      -0.9994912618699883,
      0.019346656592970912,
      -0.08750432502596858
    ],
    [
      0.0,
      0.0,
      0.0,
      1.0
    ]
  ],
  "T_tcp_cam": [
    [
      0.016255525678512628,
      0.9995463138647969,
      0.02535595244142924,
      0.004245185773697477
    ],
    [
      -0.018938090394867213,
      0.025662544256838782,
      -0.9994912618699883,
      -0.08389133582945331
    ],
    [
      -0.9996885047939237,
      0.01576706255339272,
      0.019346656592970912,
      0.18339226585204987
    ],
    [
      0.0,
      0.0,
      0.0,
      1.0
    ]
  ]
}