{
  "created_at": "2026-01-28T20:13:15",
  "input_json": "/home/book/pro_book/pro_hand_book_python/xarm7/handeye_pairs/handeye_pairs_20260128_200418_882.json",
  "settings": {
    "method": "DANIILIDIS",
    "robot_euler_order": "zyx",
    "robot_angle_unit": "deg",
    "robot_pos_unit_in_input": "mm",
    "target_tvec_unit_in_input": "m"
  },
  "T_cam_tcp": [
    [
      -0.0015749015896784346,
      -0.007885788442717867,
      -0.9999676664900816,
      0.19388000676800443
    ],
    [
      0.9998632863598733,
      -0.016471825277477592,
      -0.0014448396664835106,
      6.8824262184769e-06
    ],
    [
      -0.016459898985608123,
      -0.9998332327506747,
      0.007910651851689154,
      -0.10106666719842286
    ],
    [
      0.0,
      0.0,
      0.0,
      1.0
    ]
  ],
  "T_tcp_cam": [
    [
      -0.0015749015896784346,
      0.9998632863598733,
      -0.016459898985608123,
      -0.001365086687329254
    ],
    [
      -0.007885788442717867,
      -0.016471825277477592,
      -0.9998332327506747,
      -0.09952080250556836
    ],
    [
      -0.9999676664900816,
      -0.0014448396664835106,
      0.007910651851689154,
      0.19467325110890227
    ],
    [
      0.0,
      0.0,
      0.0,
      1.0
    ]
  ]
}