{
  "created_at": "2026-01-07T12:45:44",
  "input_json": "/home/book/pro_book/pro_hand_book_python/xarm7/handeye_pairs/handeye_pairs_20260107_123051_201.json",
  "settings": {
    "method": "DANIILIDIS",
    "robot_euler_order": "zyx",
    "robot_angle_unit": "deg",
    "robot_pos_unit_in_input": "mm",
    "target_tvec_unit_in_input": "m"
  },
  "T_cam_tcp": [
    [
      -0.0018740371216430796,
      0.006047745444726915,
      -0.999979956179074,
      0.07329518008618119
    ],
    [
      0.9999722017962385,
      0.007228112316862878,
      -0.0018303079298032654,
      0.03072030646565383
    ],
    [
      0.007216898201429234,
      -0.9999555885974991,
      -0.0060611230790681425,
      -0.13960876032765557
    ],
    [
      0.0,
      0.0,
      0.0,
      1.0
    ]
  ],
  "T_tcp_cam": [
    [
      -0.0018740371216430796,
      0.9999722017962385,
      0.007216898201429234,
      -0.02957455239668364
    ],
    [
      0.006047745444726915,
      0.007228112316862878,
      -0.9999555885974991,
      -0.14026788052383682
    ],
    [
      -0.999979956179074,
      -0.0018303079298032654,
      -0.0060611230790681425,
      0.07250375271198482
    ],
    [
      0.0,
      0.0,
      0.0,
      1.0
    ]
  ]
}