{
  "created_at": "2025-12-20T18:49:18",
  "input_json": "/home/book/pro_book/pro_hand_book_python/xarm7/handeye_pairs/handeye_pairs_20251220_114854_503.json",
  "settings": {
    "method": "DANIILIDIS",
    "robot_euler_order": "zyx",
    "robot_angle_unit": "deg",
    "robot_pos_unit_in_input": "mm",
    "target_tvec_unit_in_input": "m"
  },
  "T_cam_tcp": [
    [
      0.002936682386104894,
      0.007770495554385534,
      -0.9999654970524744,
      0.16173313296490907
    ],
    [
      0.007433994960561526,
      -0.9999423466982824,
      -0.007748483623125623,
      -0.11053712103549199
    ],
    [
      -0.9999680552975126,
      -0.007410983630448443,
      -0.0029942789014613413,
      0.0008531439652803414
    ],
    [
      0.0,
      0.0,
      0.0,
      1.0
    ]
  ],
  "T_tcp_cam": [
    [
      0.002936682386104894,
      0.007433994960561526,
      -0.9999680552975126,
      0.0011998902697554093
    ],
    [
      0.007770495554385534,
      -0.9999423466982824,
      -0.007410983630448443,
      -0.1117811721602415
    ],
    [
      -0.9999654970524744,
      -0.007748483623125623,
      -0.0029942789014613413,
      0.16087361217399343
    ],
    [
      0.0,
      0.0,
      0.0,
      1.0
    ]
  ]
}