{
  "created_at": "2026-02-16T16:57:35",
  "input_json": "/home/book/pro_book/pro_hand_book_python/xarm7/handeye_pairs/handeye_pairs_20260211_222134_434.json",
  "settings": {
    "method": "DANIILIDIS",
    "robot_euler_order": "zyx",
    "robot_angle_unit": "deg",
    "robot_pos_unit_in_input": "mm",
    "target_tvec_unit_in_input": "m"
  },
  "T_cam_tcp": [
    [
      -0.001641129749392345,
      -0.015400610571744355,
      -0.99988005675039,
      0.1935714664468591
    ],
    [
      0.9999930853269878,
      -0.00336194630533182,
      -0.0015895330294622423,
      0.000374189993200158
    ],
    [
      -0.003337063283389341,
      -0.9998757515366885,
      0.01540602147165554,
      -0.10057105320694934
    ],
    [
      0.0,
      0.0,
      0.0,
      1.0
    ]
  ],
  "T_tcp_cam": [
    [
      -0.001641129749392345,
      0.9999930853269878,
      -0.003337063283389341,
      -0.0003921234826079745
    ],
    [
      -0.015400610571744355,
      -0.00336194630533182,
      -0.9998757515366885,
      -0.09757618062892007
    ],
    [
      -0.99988005675039,
      -0.0015895330294622423,
      0.01540602147165554,
      0.19509824344862844
    ],
    [
      0.0,
      0.0,
      0.0,
      1.0
    ]
  ]
}