{
  "created_at": "2026-03-31T14:52:23",
  "input_json": "/home/book/pro_book/pro_hand_book_python/xarm7/handeye_pairs/handeye_pairs_20260331_142935_087.json",
  "settings": {
    "method": "DANIILIDIS",
    "robot_euler_order": "zyx",
    "robot_angle_unit": "deg",
    "robot_pos_unit_in_input": "mm",
    "target_tvec_unit_in_input": "m"
  },
  "T_cam_tcp": [
    [
      -0.49703279946278434,
      0.6923724953894357,
      -0.5230475350160759,
      -0.538120955188388
    ],
    [
      0.031619827060551664,
      -0.5879237631913348,
      -0.8082981103600329,
      2.2640661707175718
    ],
    [
      -0.8671554548031444,
      -0.41828934519438193,
      0.27032469532398795,
      0.24220013244146388
    ],
    [
      0.0,
      0.0,
      0.0,
      1.0
    ]
  ],
  "T_tcp_cam": [
    [
      -0.49703279946278434,
      0.031619827060551664,
      -0.8671554548031444,
      -0.12902797957794765
    ],
    [
      0.6923724953894357,
      -0.5879237631913348,
      -0.41828934519438193,
      1.8049881865725332
    ],
    [
      -0.5230475350160759,
      -0.8082981103600329,
      0.27032469532398795,
      1.4831048913596379
    ],
    [
      0.0,
      0.0,
      0.0,
      1.0
    ]
  ]
}