{
  "created_at": "2026-06-04T19:11:01",
  "input_json": "/home/book/pro_book/pro_hand_book_python/xarm7/handeye_pairs/handeye_pairs_20260604_184839_743.json",
  "settings": {
    "method": "DANIILIDIS",
    "robot_euler_order": "zyx",
    "robot_angle_unit": "deg",
    "robot_pos_unit_in_input": "mm",
    "target_tvec_unit_in_input": "m"
  },
  "T_cam_tcp": [
    [
      0.00603408810666306,
      -0.0001100777674725717,
      -0.9999817886659766,
      0.19434242943908644
    ],
    [
      0.9999813012906005,
      -0.0009927570289058885,
      0.006034194448211017,
      -0.0022528668956776354
    ],
    [
      -0.0009934031801294152,
      -0.9999995011580589,
      0.00010408532577954599,
      -0.11047915027873992
    ],
    [
      0.0,
      0.0,
      0.0,
      1.0
    ]
  ],
  "T_tcp_cam": [
    [
      0.00603408810666306,
      0.9999813012906005,
      -0.0009934031801294152,
      0.0009703950886509449
    ],
    [
      -0.0001100777674725717,
      -0.0009927570289058885,
      -0.9999995011580589,
      -0.11045993893579417
    ],
    [
      -0.9999817886659766,
      0.006034194448211017,
      0.00010408532577954599,
      0.1943639836994521
    ],
    [
      0.0,
      0.0,
      0.0,
      1.0
    ]
  ]
}