{
  "created_at": "2026-06-04T20:49:26",
  "input_json": "/home/book/pro_book/pro_hand_book_python/xarm7/handeye_pairs/handeye_pairs_20260604_202044_238.json",
  "settings": {
    "method": "DANIILIDIS",
    "robot_euler_order": "zyx",
    "robot_angle_unit": "deg",
    "robot_pos_unit_in_input": "mm",
    "target_tvec_unit_in_input": "m"
  },
  "T_cam_tcp": [
    [
      0.0007231753096124116,
      0.0069347943629286535,
      -0.999975692526881,
      0.19240984528356334
    ],
    [
      0.9999572686585184,
      -0.00922097026961255,
      0.0006592148985632429,
      -0.003964621466598622
    ],
    [
      -0.009216174611363037,
      -0.9999334389520288,
      -0.00694116640789233,
      -0.11269763381709012
    ],
    [
      0.0,
      0.0,
      0.0,
      1.0
    ]
  ],
  "T_tcp_cam": [
    [
      0.0007231753096124116,
      0.9999572686585184,
      -0.009216174611363037,
      0.0027866649320237163
    ],
    [
      0.0069347943629286535,
      -0.00922097026961255,
      -0.9999334389520288,
      -0.11406101291159758
    ],
    [
      -0.999975692526881,
      0.0006592148985632429,
      -0.00694116640789233,
      0.19162552879385908
    ],
    [
      0.0,
      0.0,
      0.0,
      1.0
    ]
  ]
}