{
  "created_at": "2026-02-05T22:46:26",
  "input_json": "/home/book/pro_book/pro_hand_book_python/xarm7/handeye_pairs/handeye_pairs_20260205_223207_985.json",
  "settings": {
    "method": "DANIILIDIS",
    "robot_euler_order": "zyx",
    "robot_angle_unit": "deg",
    "robot_pos_unit_in_input": "mm",
    "target_tvec_unit_in_input": "m"
  },
  "T_cam_tcp": [
    [
      0.022671940376097766,
      -0.029597504805492725,
      -0.999304743723791,
      0.17993393853934425
    ],
    [
      0.9996405101305851,
      -0.013638277988257674,
      0.023083497988361956,
      -0.0049350242763883945
    ],
    [
      -0.014312009832527783,
      -0.9994688514820279,
      0.029277658576972787,
      -0.09794457515775287
    ],
    [
      0.0,
      0.0,
      0.0,
      1.0
    ]
  ],
  "T_tcp_cam": [
    [
      0.022671940376097766,
      0.9996405101305851,
      -0.014312009832527783,
      -0.0005479850637452517
    ],
    [
      -0.029597504805492725,
      -0.013638277988257674,
      -0.9994688514820279,
      -0.09263426166418513
    ],
    [
      -0.999304743723791,
      0.023083497988361956,
      0.029277658576972787,
      0.1827903437931636
    ],
    [
      0.0,
      0.0,
      0.0,
      1.0
    ]
  ]
}