{
  "created_at": "2026-06-01T15:02:11",
  "input_json": "/home/book/pro_book/pro_hand_book_python/xarm7/handeye_pairs/handeye_pairs_20260601_144910_076.json",
  "settings": {
    "method": "DANIILIDIS",
    "robot_euler_order": "zyx",
    "robot_angle_unit": "deg",
    "robot_pos_unit_in_input": "mm",
    "target_tvec_unit_in_input": "m"
  },
  "T_cam_tcp": [
    [
      -0.155118017221485,
      0.12020159993352397,
      -0.9805559525629814,
      0.17365471379756384
    ],
    [
      0.9120851699210628,
      -0.36389493303351494,
      -0.18889446927477677,
      0.08606713094925253
    ],
    [
      -0.37952476011894265,
      -0.9236514781485248,
      -0.053187436211047934,
      -0.08348121752040906
    ],
    [
      0.0,
      0.0,
      0.0,
      1.0
    ]
  ],
  "T_tcp_cam": [
    [
      -0.155118017221485,
      0.9120851699210628,
      -0.37952476011894265,
      -0.08324676792489533
    ],
    [
      0.12020159993352397,
      -0.36389493303351494,
      -0.9236514781485248,
      -0.06666173154166471
    ],
    [
      -0.9805559525629814,
      -0.18889446927477677,
      -0.053187436211047934,
      0.18209561639579652
    ],
    [
      0.0,
      0.0,
      0.0,
      1.0
    ]
  ]
}