{
  "created_at": "2026-06-04T15:26:52",
  "input_json": "/home/book/pro_book/pro_hand_book_python/xarm7/handeye_pairs/handeye_pairs_20260604_151330_811.json",
  "settings": {
    "method": "DANIILIDIS",
    "robot_euler_order": "zyx",
    "robot_angle_unit": "deg",
    "robot_pos_unit_in_input": "mm",
    "target_tvec_unit_in_input": "m"
  },
  "T_cam_tcp": [
    [
      0.00761850451812357,
      -0.000400085959846308,
      -0.999970898736624,
      0.22844788047630987
    ],
    [
      0.99978984411075,
      0.019035834286572573,
      0.0076095089208228495,
      0.0015423973968202165
    ],
    [
      0.01903223586206465,
      -0.9998187220412702,
      0.0005450264689443873,
      -0.12759912504738585
    ],
    [
      0.0,
      0.0,
      0.0,
      1.0
    ]
  ],
  "T_tcp_cam": [
    [
      0.00761850451812357,
      0.99978984411075,
      0.01903223586206465,
      -0.0008540078187933018
    ],
    [
      -0.000400085959846308,
      0.019035834286572573,
      -0.9998187220412702,
      -0.12751395617017625
    ],
    [
      -0.999970898736624,
      0.0076095089208228495,
      0.0005450264689443873,
      0.22849904036818686
    ],
    [
      0.0,
      0.0,
      0.0,
      1.0
    ]
  ]
}