{
  "created_at": "2026-01-28T19:34:23",
  "input_json": "/home/book/pro_book/pro_hand_book_python/xarm7/handeye_pairs/handeye_pairs_20260128_192436_421.json",
  "settings": {
    "method": "DANIILIDIS",
    "robot_euler_order": "zyx",
    "robot_angle_unit": "deg",
    "robot_pos_unit_in_input": "mm",
    "target_tvec_unit_in_input": "m"
  },
  "T_cam_tcp": [
    [
      -0.01705396037253415,
      -0.02281881038898903,
      -0.9995941498068319,
      0.2131999885452574
    ],
    [
      0.998973044544049,
      -0.042360441909890634,
      -0.016076356415305193,
      0.011432908337334874
    ],
    [
      -0.041976406587572346,
      -0.9988417766861926,
      0.02351778978485619,
      -0.14191109310028654
    ],
    [
      0.0,
      0.0,
      0.0,
      1.0
    ]
  ],
  "T_tcp_cam": [
    [
      -0.01705396037253415,
      0.998973044544049,
      -0.041976406587572346,
      -0.013742180836929366
    ],
    [
      -0.02281881038898903,
      -0.042360441909890634,
      -0.9988417766861926,
      -0.13639745520073626
    ],
    [
      -0.9995941498068319,
      -0.016076356415305193,
      0.02351778978485619,
      0.2166346960536891
    ],
    [
      0.0,
      0.0,
      0.0,
      1.0
    ]
  ]
}