{
  "created_at": "2026-01-28T17:48:43",
  "input_json": "/home/book/pro_book/pro_hand_book_python/xarm7/handeye_pairs/handeye_pairs_20260128_174301_570.json",
  "settings": {
    "method": "DANIILIDIS",
    "robot_euler_order": "zyx",
    "robot_angle_unit": "deg",
    "robot_pos_unit_in_input": "mm",
    "target_tvec_unit_in_input": "m"
  },
  "T_cam_tcp": [
    [
      0.001972773906641967,
      -0.023855877288534888,
      -0.999713461588823,
      0.18455554499911697
    ],
    [
      0.9996713773141614,
      -0.025504397557879588,
      0.002581295027016539,
      2.9258003002685662e-05
    ],
    [
      -0.02555866862573558,
      -0.9993900253774817,
      0.02379772329606078,
      -0.10168624712914344
    ],
    [
      0.0,
      0.0,
      0.0,
      1.0
    ]
  ],
  "T_tcp_cam": [
    [
      0.001972773906641967,
      0.9996713773141614,
      -0.02555866862573558,
      -0.0029922998458279354
    ],
    [
      -0.023855877288534888,
      -0.025504397557879588,
      -0.9993900253774817,
      -0.0972207404567776
    ],
    [
      -0.999713461588823,
      0.002581295027016539,
      0.02379772329606078,
      0.1869224883951356
    ],
    [
      0.0,
      0.0,
      0.0,
      1.0
    ]
  ]
}