{
  "created_at": "2025-12-20T11:42:24",
  "input_json": "/home/book/pro_book/pro_hand_book_python/xarm7/handeye_pairs/handeye_pairs_20251220_113800_009.json",
  "settings": {
    "method": "TSAI",
    "robot_euler_order": "xyz",
    "robot_angle_unit": "deg",
    "robot_pos_unit_in_input": "mm",
    "target_tvec_unit_in_input": "m"
  },
  "T_cam_tcp": [
    [
      -0.9740855457864408,
      -0.11999568140695152,
      -0.19172476609351533,
      0.720436457184627
    ],
    [
      0.14350452356853752,
      -0.9830839986961055,
      -0.1138081860985523,
      -0.507321115926722
    ],
    [
      -0.17482505885970365,
      -0.13837228028531234,
      0.974827836514399,
      0.27061103820080934
    ],
    [
      0.0,
      0.0,
      0.0,
      1.0
    ]
  ],
  "T_tcp_cam": [
    [
      -0.9740855457864408,
      0.14350452356853752,
      -0.17482505885970365,
      0.8218792053200024
    ],
    [
      -0.11999568140695152,
      -0.9830839986961055,
      -0.13837228028531234,
      -0.37484494125171125
    ],
    [
      -0.19172476609351533,
      -0.1138081860985523,
      0.974827836514399,
      -0.18341095764036047
    ],
    [
      0.0,
      0.0,
      0.0,
      1.0
    ]
  ]
}