{
  "created_at": "2025-12-20T10:24:49",
  "input_json": "/home/book/pro_book/pro_hand_book_python/xarm7/handeye_pairs/handeye_pairs_20251220_095724_332.json",
  "settings": {
    "method": "TSAI",
    "robot_euler_order": "xyz",
    "robot_angle_unit": "deg",
    "robot_pos_unit_in_input": "mm",
    "target_tvec_unit_in_input": "m"
  },
  "T_cam_tcp": [
    [
      0.07167679015035067,
      0.024360989290466817,
      0.9971303725965488,
      0.3782380441889869
    ],
    [
      -0.1032338162822985,
      0.9945139363312184,
      -0.01687630346900225,
      -0.3785101867202703
    ],
    [
      -0.9920711753344793,
      -0.10172793443187067,
      0.07379844460887897,
      0.45548118459906034
    ],
    [
      0.0,
      0.0,
      0.0,
      1.0
    ]
  ],
  "T_tcp_cam": [
    [
      0.07167679015035067,
      -0.1032338162822985,
      -0.9920711753344793,
      0.3856838141508588
    ],
    [
      0.024360989290466817,
      0.9945139363312184,
      -0.10172793443187067,
      0.41355456287474945
    ],
    [
      0.9971303725965488,
      -0.01687630346900225,
      0.07379844460887897,
      -0.4171542976815747
    ],
    [
      0.0,
      0.0,
      0.0,
      1.0
    ]
  ]
}