{
  "created_at": "2026-01-28T17:06:07",
  "input_json": "/home/book/pro_book/pro_hand_book_python/xarm7/handeye_pairs/handeye_pairs_20260128_170015_675.json",
  "settings": {
    "method": "DANIILIDIS",
    "robot_euler_order": "zyx",
    "robot_angle_unit": "deg",
    "robot_pos_unit_in_input": "mm",
    "target_tvec_unit_in_input": "m"
  },
  "T_cam_tcp": [
    [
      -0.07071614660192471,
      -0.01937592676397909,
      -0.9973082773504947,
      0.1991114981381656
    ],
    [
      0.9842035129562847,
      -0.1640362332118619,
      -0.06659999458086457,
      0.02509279308102691
    ],
    [
      -0.16230425655010622,
      -0.9862640050492057,
      0.030669865503729965,
      -0.1071500345949031
    ],
    [
      0.0,
      0.0,
      0.0,
      1.0
    ]
  ],
  "T_tcp_cam": [
    [
      -0.07071614660192471,
      0.9842035129562847,
      -0.16230425655010622,
      -0.028006923912008375
    ],
    [
      -0.01937592676397909,
      -0.1640362332118619,
      -0.9862640050492057,
      -0.09770412519716251
    ],
    [
      -0.9973082773504947,
      -0.06659999458086457,
      0.030669865503729965,
      0.20353300224181098
    ],
    [
      0.0,
      0.0,
      0.0,
      1.0
    ]
  ]
}