{
  "created_at": "2025-12-20T15:56:39",
  "input_json": "/home/book/pro_book/pro_hand_book_python/xarm7/handeye_pairs/handeye_pairs_20251220_114854_503.json",
  "settings": {
    "method": "DANIILIDIS",
    "robot_euler_order": "xyz",
    "robot_angle_unit": "deg",
    "robot_pos_unit_in_input": "mm",
    "target_tvec_unit_in_input": "m"
  },
  "T_cam_tcp": [
    [
      -0.46047707765925616,
      -0.6622655131597164,
      -0.5910712740691171,
      0.5105012060594966
    ],
    [
      -0.40228163280889007,
      -0.4378722524186902,
      0.8040132949562443,
      -1.304844713498888
    ],
    [
      -0.7912839874880606,
      0.6080068096995962,
      -0.06478711680507399,
      1.6261702828039413
    ],
    [
      0.0,
      0.0,
      0.0,
      1.0
    ]
  ],
  "T_tcp_cam": [
    [
      -0.46047707765925616,
      -0.40228163280889007,
      -0.7912839874880606,
      0.9969215473111115
    ],
    [
      -0.6622655131597164,
      -0.4378722524186902,
      0.6080068096995962,
      -1.2219905562326465
    ],
    [
      -0.5910712740691171,
      0.8040132949562443,
      -0.06478711680507399,
      1.4562099798428443
    ],
    [
      0.0,
      0.0,
      0.0,
      1.0
    ]
  ]
}