{
  "created_at": "2026-03-31T16:16:33",
  "input_json": "/home/book/pro_book/pro_hand_book_python/xarm7/xarm7/handeye_pairs/handeye_pairs_20260331_161247_702.json",
  "settings": {
    "method": "DANIILIDIS",
    "robot_euler_order": "zyx",
    "robot_angle_unit": "deg",
    "robot_pos_unit_in_input": "mm",
    "target_tvec_unit_in_input": "m"
  },
  "T_cam_tcp": [
    [
      -0.31131423996264485,
      0.3285221437872264,
      -0.8917155628550653,
      0.022484000120438122
    ],
    [
      0.7472319873032247,
      -0.4951209336890898,
      -0.4432827745059778,
      0.24965477949648904
    ],
    [
      -0.5871352494505457,
      -0.8043186321752649,
      -0.09134405721423089,
      -0.014268230533986927
    ],
    [
      0.0,
      0.0,
      0.0,
      1.0
    ]
  ],
  "T_tcp_cam": [
    [
      -0.31131423996264485,
      0.7472319873032247,
      -0.5871352494505457,
      -0.18792782870788596
    ],
    [
      0.3285221437872264,
      -0.4951209336890898,
      -0.8043186321752649,
      0.10474661193710919
    ],
    [
      -0.8917155628550653,
      -0.4432827745059778,
      -0.09134405721423089,
      0.12941367808026927
    ],
    [
      0.0,
      0.0,
      0.0,
      1.0
    ]
  ]
}