{
  "created_at": "2026-03-31T15:24:09",
  "input_json": "/home/book/pro_book/pro_hand_book_python/xarm7/xarm7/handeye_pairs/handeye_pairs_20260331_151342_615.json",
  "settings": {
    "method": "DANIILIDIS",
    "robot_euler_order": "zyx",
    "robot_angle_unit": "deg",
    "robot_pos_unit_in_input": "mm",
    "target_tvec_unit_in_input": "m"
  },
  "T_cam_tcp": [
    [
      0.1022384448174305,
      0.14519832886420778,
      -0.9841060642513866,
      0.019702557136085444
    ],
    [
      0.470538942242685,
      -0.8786757893278063,
      -0.08075865948795113,
      0.08938006077694914
    ],
    [
      -0.8764361951873325,
      -0.45480358677587085,
      -0.15815591427877257,
      -0.04918115521548053
    ],
    [
      0.0,
      0.0,
      0.0,
      1.0
    ]
  ],
  "T_tcp_cam": [
    [
      0.1022384448174305,
      0.470538942242685,
      -0.8764361951873325,
      -0.08717530260806589
    ],
    [
      0.14519832886420778,
      -0.8786757893278063,
      -0.45480358677587085,
      0.05330755128906055
    ],
    [
      -0.9841060642513866,
      -0.08075865948795113,
      -0.15815591427877257,
      0.018829329283788585
    ],
    [
      0.0,
      0.0,
      0.0,
      1.0
    ]
  ]
}